ONEWEB-0684             
1 56720U 23068L   24016.64621429 -.00000128  00000+0 -37499-3 0  9993
2 56720  87.8979  74.9297 .0002343  93.3423 266.7975 13.15547011 33213
ONEWEB-0686             
1 56721U 23068M   24017.58334491  .00000016  00000+0  00000+0 0  9996
2 56721  87.4260  45.0254 .0015065 104.0963 278.8512 13.76542595 36313
ONEWEB-0694             
1 56722U 23068N   24016.91667824 -.00700740  00000+0 -69799+0 0  9995
2 56722  87.4072  45.2185 .0015824 105.2861  58.9917 13.81210064  5617
ONEWEB-0696             
1 56723U 23068P   24017.21109847  .00000138  00000+0  33172-3 0  9998
2 56723  87.8977  74.7907 .0002083 110.0705 250.0650 13.15550005 34103
ONEWEB-0703             
1 56724U 23068Q   24016.61292717  .00000205  00000+0  51162-3 0  9995
2 56724  87.8977  74.9327 .0002737 127.6011 232.5368 13.15547660 33914
ONEWEB-0721             
1 56725U 23068R   24016.58003321  .00003019  00000+0  35926-3 0  9999
2 56725  86.6753  39.8233 .0013412  93.0685 267.2073 14.83992475 35874
IRIDIUM 181             
1 56726U 23068S   24017.09588655  .00000623  00000+0  17809-3 0  9993
2 56726  86.8605  48.5722 .0001539  95.7166 264.4211 14.43585439 35195
IRIDIUM 177             
1 56727U 23068T   24016.85115559  .00001038  00000+0  13311-3 0  9991
2 56727  86.1964  27.6696 .0002396  95.3685 264.7809 14.80246043 35843
IRIDIUM 174             
1 56728U 23068U   24016.84572101  .00001043  00000+0  13381-3 0  9994
2 56728  86.1971  27.7635 .0002489  92.6099 267.5407 14.80227040 35849
IRIDIUM 178             
1 56729U 23068V   24016.84030386  .00002483  00000+0  32309-3 0  9999
2 56729  86.5767  38.0064 .0002406  95.9742 264.1754 14.80260350 35847
